#LENGTH:3#
[[3,3,3],[3,9,3],[3,3,3]]
#LENGTH:9#
[[9,9,9,9,9,9,9,9,9],[9,81,81,81,81,81,81,81,9],[9,81,729,729,729,729,729,81,9],[9,81,729,6561,6561,6561,729,81,9],[9,81,729,6561,59049,6561,729,81,9],[9,81,729,6561,6561,6561,729,81,9],[9,81,729,729,729,729,729,81,9],[9,81,81,81,81,81,81,81,9],[9,9,9,9,9,9,9,9,9]]
#LENGTH:7#
[[7,7,7,7,7,7,7],[7,49,49,49,49,49,7],[7,49,343,343,343,49,7],[7,49,343,2401,343,49,7],[7,49,343,343,343,49,7],[7,49,49,49,49,49,7],[7,7,7,7,7,7,7]]
#LENGTH:5#
[[5,5,5,5,5],[5,25,25,25,5],[5,25,125,25,5],[5,25,25,25,5],[5,5,5,5,5]]
#LENGTH:13#
[[13,13,13,13,13,13,13,13,13,13,13,13,13],[13,169,169,169,169,169,169,169,169,169,169,169,13],[13,169,2197,2197,2197,2197,2197,2197,2197,2197,2197,169,13],[13,169,2197,28561,28561,28561,28561,28561,28561,28561,2197,169,13],[13,169,2197,28561,371293,371293,371293,371293,371293,28561,2197,169,13],[13,169,2197,28561,371293,4826809,4826809,4826809,371293,28561,2197,169,13],[13,169,2197,28561,371293,4826809,62748517,4826809,371293,28561,2197,169,13],[13,169,2197,28561,371293,4826809,4826809,4826809,371293,28561,2197,169,13],[13,169,2197,28561,371293,371293,371293,371293,371293,28561,2197,169,13],[13,169,2197,28561,28561,28561,28561,28561,28561,28561,2197,169,13],[13,169,2197,2197,2197,2197,2197,2197,2197,2197,2197,169,13],[13,169,169,169,169,169,169,169,169,169,169,169,13],[13,13,13,13,13,13,13,13,13,13,13,13,13]]
#LENGTH:7#
[[7,7,7,7,7,7,7],[7,49,49,49,49,49,7],[7,49,343,343,343,49,7],[7,49,343,2401,343,49,7],[7,49,343,343,343,49,7],[7,49,49,49,49,49,7],[7,7,7,7,7,7,7]]
#LENGTH:11#
[[11,11,11,11,11,11,11,11,11,11,11],[11,121,121,121,121,121,121,121,121,121,11],[11,121,1331,1331,1331,1331,1331,1331,1331,121,11],[11,121,1331,14641,14641,14641,14641,14641,1331,121,11],[11,121,1331,14641,161051,161051,161051,14641,1331,121,11],[11,121,1331,14641,161051,1771561,161051,14641,1331,121,11],[11,121,1331,14641,161051,161051,161051,14641,1331,121,11],[11,121,1331,14641,14641,14641,14641,14641,1331,121,11],[11,121,1331,1331,1331,1331,1331,1331,1331,121,11],[11,121,121,121,121,121,121,121,121,121,11],[11,11,11,11,11,11,11,11,11,11,11]]
